22.57
26.06
26.72
25.51
28.04
34.51
31.89
36.43
32.8
40.91
39.78
41.31
39.32
42.95
48.29
46.12
48.91
44.98
47.14
50.4
48.27
55.98
59.31
55.69
54.44
57.11
57.92
63.06
68.03
64.84
62.9
54.12
59.47
60.59
64.55
62.39
65.25
62.0
70.33
67.37
76.4
66.7
72.87
66.68
66.56
68.75
66.58
71.33
67.12
62.42
67.43
67.15
66.29
66.62
60.76
68.07
70.87
68.91
69.08
73.0
70.44
68.73
64.58
65.84
72.31
66.16
74.93
67.55
83.36
80.86
68.95
74.81
75.47
79.62
83.56
73.57
77.07
79.69
82.08
78.26
73.6
93.06
78.51
83.78
70.62
72.03
66.1
67.93
77.54
70.73
70.1
67.06
66.51
68.57
73.15
67.86
86.33
88.27
76.02
82.09
