-200.0
-181.1
-157.3
-200.0
-200.0
-200.0
-200.0
-200.0
-200.0
-200.0
-200.0
-200.0
-200.0
-200.0
-200.0
-200.0
-200.0
-200.0
-200.0
-200.0
-200.0
-200.0
-200.0
-200.0
-200.0
-200.0
-200.0
-200.0
-200.0
-200.0
-200.0
-200.0
-200.0
-199.4
-186.4
-200.0
-185.0
-191.8
-180.7
-175.8
-167.2
-183.7
-159.4
-178.4
-182.4
-144.3
-159.2
-157.7
-141.5
-132.3
-151.0
-177.0
-144.4
-155.0
-156.4
-154.4
-153.1
-166.7
-132.3
-149.2
-134.6
-149.2
-122.0
-128.1
-132.7
-144.4
-119.8
-127.1
-153.4
-135.2
-136.0
-143.4
-126.8
-134.7
-141.9
-128.0
-120.3
-128.4
-123.8
-127.5
-123.1
-133.5
-102.4
-127.4
-124.7
-123.5
-118.5
-132.3
-110.7
-113.3
-131.6
-136.8
-148.6
-143.6
-121.7
-135.8
-102.5
-129.5
-137.0
-135.0
-128.8
-138.8
-122.0
-125.5
-136.4
-130.9
-125.7
-122.7
-153.9
-118.9
-131.3
-121.4
-122.8
-117.1
-123.9
-147.1
-115.5
-116.5
-126.6
-139.1
