-498.8
-497.18
-493.27
-492.64
-492.19
-481.61
-482.38
-484.05
-472.81
-476.27
-465.76
-475.06
-464.99
-456.97
-467.91
-466.69
-463.29
-471.89
-455.05
-461.65
-466.61
-471.71
-461.8
-461.26
-464.56
-459.12
-453.81
-447.05
-433.68
-451.84
-457.81
-458.44
-447.39
-460.85
-459.25
-454.42
-451.83
-460.49
-459.69
-448.53
-444.15
-459.52
-441.29
-434.15
-440.88
-465.14
-448.14
-466.01
-458.3
-457.48
-451.98
-458.74
-465.27
-450.53
-463.81
-455.36
-449.68
-453.08
-452.03
-455.43
-447.95
-453.12
-444.67
-452.9
-443.31
-460.15
-456.69
-440.22
-442.03
-443.37
-448.21
-461.68
-459.87
-460.09
-468.59
-444.11
-443.52
-461.39
-455.63
-463.59
-446.77
-460.21
-468.14
-458.12
-445.91
-440.96
-449.86
-456.32
-443.91
-449.4
-450.44
-450.74
-452.53
-452.82
-455.53
-451.84
-439.55
-453.64
-456.54
-452.52
