-200.0
-200.0
-200.0
-200.0
-200.0
-200.0
-200.0
-200.0
-200.0
-200.0
-199.32
-198.84
-199.54
-196.98
-197.99
-196.26
-197.48
-198.22
-197.77
-195.33
-195.0
-192.74
-194.9
-192.83
-191.97
-189.08
-191.6
-193.83
-193.19
-192.86
-195.2
-195.02
-188.07
-184.38
-183.75
-181.26
-177.1
-180.61
-178.61
-175.79
-179.08
-178.06
-179.02
-180.11
-183.18
-188.39
-184.01
-180.55
-182.1
-192.37
-187.0
-195.84
-192.16
-195.68
-191.91
-194.34
-188.58
-190.72
-189.13
-190.55
-188.55
-187.89
-188.33
-187.24
-188.86
-190.31
-195.36
-195.44
-194.99
-196.24
-194.39
-192.91
-183.61
-180.05
-187.0
-186.62
-187.51
-183.87
-187.03
-183.32
-182.73
-178.68
-177.05
-178.48
-179.65
-185.83
-193.13
-193.77
-194.98
-195.89
-191.15
-190.82
-189.7
-183.34
-175.45
-170.66
-165.88
-166.44
-166.51
-164.95
